Jarque-Bera: 9311.600268137194
 p-value:0.0
 Skewness:0.14235889592041231
 Kurtosis:15.142052342015008
